0.000000000000000000e+00 1.199999999999999956e+00 2.299999999999999822e+00 inf inf inf inf inf inf inf
inf 0.000000000000000000e+00 inf 5.599999999999999645e+00 1.699999999999999956e+00 7.500000000000000000e+00 inf inf inf inf
inf inf 0.000000000000000000e+00 1.899999999999999911e+00 2.600000000000000089e+00 inf inf inf inf inf
inf inf inf 0.000000000000000000e+00 inf inf 2.600000000000000089e+00 inf inf inf
inf inf inf inf 0.000000000000000000e+00 inf 3.600000000000000089e+00 1.699999999999999956e+00 3.600000000000000089e+00 inf
inf inf inf inf inf 0.000000000000000000e+00 1.600000000000000089e+00 inf inf inf
inf inf inf inf inf inf 0.000000000000000000e+00 inf inf 1.899999999999999911e+00
inf inf inf inf inf inf inf 0.000000000000000000e+00 inf 1.699999999999999956e+00
inf inf inf inf inf inf inf inf 0.000000000000000000e+00 3.600000000000000089e+00
inf inf inf inf inf inf inf inf inf 0.000000000000000000e+00
